0 0.411875 0.533333 0.108750 0.123333
0 0.478750 0.600000 0.110000 0.106667
0 0.620625 0.472500 0.083750 0.108333
0 0.543125 0.432500 0.086250 0.088333
0 0.468750 0.481667 0.092500 0.090000
0 0.701250 0.510000 0.087500 0.100000
0 0.628750 0.576667 0.097500 0.106667
0 0.563750 0.662500 0.130000 0.125000
0 0.649375 0.729167 0.106250 0.131667
0 0.751875 0.805000 0.146250 0.146667
0 0.720625 0.633333 0.093750 0.110000
0 0.825625 0.690833 0.108750 0.131667
0 0.886250 0.615000 0.112500 0.120000
0 0.778125 0.568333 0.101250 0.110000
0 0.679375 0.417500 0.086250 0.088333
0 0.846250 0.505833 0.087500 0.095000
0 0.942500 0.549167 0.092500 0.095000
0 0.733125 0.366667 0.086250 0.076667
0 0.820625 0.398333 0.086250 0.090000
0 0.910000 0.450833 0.072500 0.085000
